3
4
13
17
26
29
45
48
53
58
64
76
79
94
103
120
158
159
160
166
172
193
200
203
204
210
217
220
222
226
237
244
254
257
260
262
295
313
317
325
326
329
336
342
355
361
363
375
378
385
410
411
414
416
426
443
458
465
468
474
479
480
482
496
499
510
520
524
526
542
552
556
561
562
563
564
566
568
569
573
580
581
584
594
596
600
616
617
622
634
645
653
656
660
670
671
687
694
701
712
744
756
759
764
765
767
772
792
794
802
806
819
827
834
837
839
842
848
864
871
873
876
885
888
895
898
912
913
916
937
938
944
945
947
982
991
994
1020
1022
1030
1034
1042
1044
1045
1051
1071
1072
1083
1085
1092
1100
1111
1133
1143
1148
1170
1207
1208
1213
1221
1235
1248
1251
1252
1253
1266
1268
1273
1289
1292
1295
1303
1304
1307
1310
1323
1331
1332
1338
1341
1348
1352
1362
1374
1390
1401
1425
1440
1442
1450
1462
1463
1469
1488
1503
1522
1555
1557
1558
1559
1569
1571
1575
1582
1592
1614
1624
1628
1629
1631
1633
1634
1647
1667
1673
1694
1716
1720
1721
1725
1728
1733
1735
1741
1746
1750
1751
1752
1755
1763
1783
1785
1791
1792
1796
1797
1799
1804
1805
1806
1822
1826
1828
1836
1840
1864
1866
1875
1876
1885
1894
1905
1907
1920
1924
1926
1936
1939
1949
1954
1955
1959
1961
1973
1989
1990
1998
2001
2005
2006
2016
2020
2025
2030
2032
2036
2041
2044
2046
2057
2059
2066
2086
2099
2123
2131
2136
2139
2145
2152
2157
2162
2166
2169
2171
2172
2174
2175
2185
2187
2193
2211
2212
2225
2231
2235
2249
2253
2266
2271
2276
2277
2278
2279
2281
2282
2286
2308
2324
2334
2336
2340
2350
2370
2401
2404
2422
2430
2444
2446
2452
2457
2460
2465
2470
2478
2489
2500
2519
2525
2533
2542
2548
2553
2555
2569
2571
2573
2577
2584
2590
2591
2599
2619
2639
2655
2656
2672
2677
2681
2689
2704
2706
2710
2712
2721
2732
2745
2751
2753
2757
2764
2769
2779
2786
2787
2795
2808
2817
2831
2844
2859
2864
2866
2876
2881
2897
2902
2910
2931
2940
2962
2965
2967
2973
2983
2987
2988
3021
3024
3027
3032
3035
3059
3063
3074
3100
3104
3105
3108
3112
3113
3116
3126
3133
3137
3145
3152
3155
3185
3190
3194
3198
3227
3241
3242
3249
3264
3268
3271
3273
3274
3285
3286
3296
3298
3307
3312
3326
3329
3334
3339
3345
3367
3372
3377
3395
3398
3406
3432
3434
3436
3441
3444
3453
3456
3458
3462
3465
3466
3469
3482
3495
3503
3509
3511
3520
3521
3531
3533
3551
3559
3561
3567
3568
3570
3572
3574
3588
3589
3603
3619
3622
3625
3630
3652
3675
3679
3686
3698
3714
3716
3724
3727
3730
3739
3745
3754
3758
3763
3766
3770
3782
3786
3789
3805
3806
3808
3809
3816
3825
3828
3834
3852
3855
3872
3874
3876
3879
3888
3892
3893
3905
3907
3943
3960
3969
3976
3978
3981
3986
3999
4002
4015
4042
4049
4089
4100
4119
4135
4139
4140
4144
4154
4158
4160
4173
4174
4187
4189
4211
4222
4239
4243
4259
4270
4274
4282
4322
4333
4334
4344
4350
4351
4363
4364
4375
4392
4393
4398
4404
4408
4409
4410
4415
4417
4418
4424
4428
4441
4445
4450
4464
4467
4469
4473
4488
4503
4508
4519
4522
4526
4532
4537
4541
4543
4552
4562
4566
4578
4586
4594
4597
4598
4612
4620
4623
4630
4636
4646
4647
4662
4666
4677
4715
4716
4720
4723
4729
4740
4742
4744
4751
4756
4771
4780
4781
4784
4785
4788
4819
4820
4827
4837
4848
4850
4853
4870
4874
4877
4881
4885
4887
4906
4918
4931
4941
4945
4954
4963
4966
4969
4974
4988
4990
5007
5010
5018
5042
5045
5066
5072
5073
5084
5088
5089
5097
5104
5122
5134
5138
5140
5149
5159
5169
5185
5195
5196
5201
5206
5207
5219
5223
5234
5238
5242
5250
5255
5265
5266
5287
5293
5304
5308
5323
5325
5328
5339
5342
5353
5357
5363
5369
5374
5385
5397
5398
5404
5406
5417
5419
5422
5431
5434
5438
5441
5447
5463
5468
5471
5479
5480
5484
5486
5487
5490
5493
5502
5511
5516
5531
5534
5543
5548
5563
5566
5572
5574
5584
5587
5599
5605
5608
5626
5631
5633
5637
5651
5657
5660
5684
5697
5700
5704
5706
5711
5719
5730
5744
5745
5749
5763
5771
5780
5786
5794
5798
5806
5840
5845
5857
5865
5867
5878
5881
5884
5885
5892
5893
5895
5896
5904
5915
5925
5932
5965
5968
5972
5973
5977
5979
5984
5988
5995
6011
6018
6021
6027
6028
6033
6037
6067
6072
6074
6078
6081
6092
6102
6119
6123
6127
6128
6136
6139
6151
6153
6158
6159
6160
6172
6173
6178
6187
6191
6216
6230
6235
6241
6246
6254
6271
6273
6282
6294
6295
6296
6306
6308
6317
6328
6332
6335
6345
6356
6370
6371
6376
6378
6390
6399
6409
6411
6417
6423
6427
6431
6436
6442
6450
6488
6502
6515
6521
6522
6538
6552
6558
6565
6571
6587
6594
6598
6601
6606
6607
6609
6611
6615
6619
6620
6630
6641
6676
6684
6689
6693
6704
6711
6721
6732
6736
6764
6788
6794
6804
6813
6815
6823
6829
6830
6833
6837
6839
6846
6848
6874
6880
6885
6894
6904
6911
6931
6942
6946
6949
6952
6959
6961
6965
6974
6985
6987
6991
7006
7012
7018
7033
7042
7048
7050
7051
7054
7056
7057
7058
7059
7060
7076
7078
7080
7082
7083
7098
7101
7121
7131
7137
7144
7146
7163
7165
7174
7179
7184
7192
7193
7198
7202
7206
7214
7216
7220
7228
7234
7242
7247
7248
7253
7259
7288
7293
7302
7303
7304
7307
7308
7312
7315
7349
7354
7363
7364
7368
7369
7373
7382
7392
7395
7404
7412
7416
7417
7428
7429
7438
7439
7476
7480
7491
7515
